mono
line 1        6563.   6563.
line 2        4861.   4861.
line 3        4341.   4341.
line 191      5877.   5877.
line 192      6678.   6678.
line 176      4471.   4471.
line 210      1640.   1640.
line 212      4686.   4686.
line 222      5411.   5411.
line 580      8729.   8729.
line 815      1577287. 1577287.
line 1105     1908.   1908.
line 1106     1906.   1906.
line 1682     5199.   5199.
line 1683     5201.   5201.
line 1990     6549.   6549.
line 2007     6585.   6585.
line 2025     5756.   5756.
line 3129     6302.   6302.
line 3181     5579.   5579.
line 3416     3729.   3729.
line 3417     3727.   3727.
line 3435     7321.   7321.
line 3436     7322.   7322.
line 3452     7331.   7331
line 3453     7332.   7332.
line 3741     5008.   5008.
line 3759     4364.   4364.
line 5152     3869.   3869.
line 5169     3968.   3968.
line 9774     6732.   6732.
line 9775     6718.   6718.
line 10117     6312.  6312.
line 10081    186811. 186811.
line 10082     9072   9072
line 11508    5539.   5539
line 11509    5519.   5519.
line 12666     7137.   7137.
line 12953     4741.   4741.
line 12954     4712.   4712.
line 1989      1218026. 1218026.
line 2260      573394. 573394.
line 3723      518134. 518134.
line 3705      883392. 883392.
line 3127      631711. 631711.
line 3145      1455604. 1455604.
line 815      1577287. 1577287.















